[gd_scene load_steps=10 format=3 uid="uid://bestmstem11hp"]

[ext_resource type="PackedScene" uid="uid://bti8uonwlyrg4" path="res://Assets/environment/starter_area_v3/starter_area.tscn" id="1_r2tj7"]
[ext_resource type="Script" uid="uid://uigblhvd3vg8" path="res://Battlefields/battlefield.gd" id="1_sfyjp"]
[ext_resource type="Texture2D" uid="uid://mjnkni73s0v5" path="res://Assets/environment/skybox/Sky_Day_BlueSky_Equirect.png" id="2_2yffw"]
[ext_resource type="PackedScene" uid="uid://b7kmqfstuuhfl" path="res://Scenes/battle_new.tscn" id="3_sfyjp"]
[ext_resource type="AudioStream" uid="uid://cikkwu1ckkftr" path="res://Audio/sample6.mp3" id="5_sfyjp"]

[sub_resource type="StandardMaterial3D" id="StandardMaterial3D_p1y4y"]
albedo_color = Color(0.192157, 0.517647, 0.290196, 1)

[sub_resource type="PanoramaSkyMaterial" id="PanoramaSkyMaterial_gllop"]
panorama = ExtResource("2_2yffw")

[sub_resource type="Sky" id="Sky_2yffw"]
sky_material = SubResource("PanoramaSkyMaterial_gllop")

[sub_resource type="Environment" id="Environment_n58kg"]
background_mode = 2
background_color = Color(0.788765, 0.999632, 1, 1)
sky = SubResource("Sky_2yffw")
ambient_light_source = 3
ambient_light_color = Color(1, 1, 1, 1)
volumetric_fog_enabled = true
volumetric_fog_density = 2.0
volumetric_fog_length = 85.56

[node name="Battlefield2" type="Node3D" groups=["battle"]]
script = ExtResource("1_sfyjp")

[node name="StarterArea" parent="." groups=["battle"] instance=ExtResource("1_r2tj7")]

[node name="CSGBox3D" type="CSGBox3D" parent="."]
transform = Transform3D(1, 0, 0, 0, 1, 0, 0, 0, 1, 0, -0.93453, 0)
size = Vector3(1000, 1, 1000)
material = SubResource("StandardMaterial3D_p1y4y")

[node name="DirectionalLight3D" type="DirectionalLight3D" parent="."]
transform = Transform3D(0.776142, -0.135044, 0.615928, -0.567854, 0.274957, 0.775848, -0.274127, -0.951925, 0.136721, 0, 12.6258, 0)
light_color = Color(0.943272, 0.976696, 0.93783, 1)
light_energy = 1.5
sky_mode = 1

[node name="WorldEnvironment" type="WorldEnvironment" parent="."]
environment = SubResource("Environment_n58kg")

[node name="Camera3D2" type="Camera3D" parent="."]
transform = Transform3D(-4.02968e-08, -0.387467, 0.921883, -1.69367e-08, 0.921883, 0.387467, -1, 1.77636e-15, -4.37114e-08, 8.80931, 2.86309, 1.44176)

[node name="StarterArea2" parent="." instance=ExtResource("1_r2tj7")]
transform = Transform3D(-0.98685, 0, 0.161638, 0, 1, 0, -0.161638, 0, -0.98685, 44.9163, -0.410446, 3.64026)

[node name="BattleNew" parent="." groups=["battle"] instance=ExtResource("3_sfyjp")]
transform = Transform3D(-4.37114e-08, 0, 1, 0, 1, 0, -1, 0, -4.37114e-08, 4.92168, 1.0244, 1.39809)

[node name="PlayerMarker" type="Marker3D" parent="BattleNew"]
transform = Transform3D(-1, 0, -8.74228e-08, 0, 1, 0, 8.74228e-08, 0, -1, -3.5, 0.25, 0)

[node name="EnemyMarker" type="Marker3D" parent="BattleNew"]
transform = Transform3D(1, 0, 0, 0, 1, 0, 0, 0, 1, 3.5, 0.25, 0)

[node name="battle2" type="AudioStreamPlayer" parent="."]
stream = ExtResource("5_sfyjp")
autoplay = true
bus = &"music"

[connection signal="child_exiting_tree" from="." to="." method="_on_child_exiting_tree"]
[connection signal="child_exiting_tree" from="BattleNew" to="." method="_on_battle_new_child_exiting_tree"]
